    m(1,2) = 1;
    m(1,25) = 1;
    m(2,1) = 1;
    m(2,3) = 1;
    m(3,2) = 1;
    m(3,4) = 1;
    m(3,25) = 1;
    m(4,[3,5,24,25]) = 1;
    m(5,[4,6,24]) = 1;
    m(6,[5,7,23,24]) = 1;
    m(7,[6,8,22]) = 1;
    m(8,[7,9,22]) = 1;
    m(9,[8,10,15,16,17,21,22]) = 1;
    m(10, [9,11,13,15]) = 1;
    m(11, [10,12,13]) = 1;
    m(12, [11, 13, 14]) = 1;
    m(13, [10,11,12,14,15]) = 1;
    m(14, [12,13,15,16]) = 1;
    m(15, [9, 10, 13, 14, 16]) = 1;
    m(16, [9, 14, 15, 17, 18]) = 1;
    m(17, [9, 16, 18, 21]) = 1;
    m(18, [16, 17, 19, 20]) = 1;
    m(19, [18, 20]) = 1;
    m(20, [18, 19, 21]) = 1;
    m(21, [20, 17, 9, 22, 23, 27]) = 1;
    m(22, [23, 7, 8, 9, 21]) = 1;
    m(23, [26, 21, 22, 6, 24]) = 1;
    m(24, [4, 5, 6, 23, 25, 26]) = 1;
    m(25, [1,3,4,24,26]) = 1;
    m(26, [25,24,23,27]) = 1;
    m(27, [26, 21]) = 1;